
Batch_idx 0

Loss: 1.6032941409420887

Epoch [1/1] Loss: 0.1603

Accuracy:0.341687552213868 Precision:0.35365853658536583 Recall: 0.5435073627844712F1-score: 0.42849604221635884

Accuracy:0.09818181818181818 Precision:0.09818181818181818 Recall: 0.2727272727272727F1-score: 0.14438502673796794

Accuracy:0.2589382448537378 Precision:0.2598296792897264 Recall: 0.2589382448537378F1-score: 0.25938319616532507
